"Cert price";"Expected price";"Floor";"Roof";"Powerprice_N";"tick";"CertificateValue_Lon_Prod";"CertificateValue_Prod";"CertificateValue_Purch"
19.09;15.049399025575257;0.0;250.0;31.2;0.0;0.0;0.0;0.0
17.36;17.987060801901617;0.0;250.0;31.2;1.0;100.03944263622412;19.224540671196664;39.34633001334548
23.55;18.070451736445516;0.0;250.0;31.2;2.0;101.61395907125572;25.320050768080943;44.7231732722273
17.74;18.930068530557417;0.0;250.0;31.2;3.0;116.82764878369386;19.56204290890565;48.26785143454241
17.26;18.44392316051995;0.0;250.0;31.2;4.0;97.8848812346743;19.05469353287665;39.569164585348325
17.36;17.440358755516037;0.0;250.0;31.2;5.0;97.94963913625402;19.13837809406965;39.67804933377137
18.72;17.785278113748213;0.0;250.0;31.2;6.0;99.95191643557717;20.482334258847846;40.938334127944245
19.11;19.404097031118663;0.0;250.0;31.2;7.0;122.9893769252584;20.901000682421632;57.00643167865142
19.84;19.696873356426607;0.0;250.0;31.2;8.0;121.21521859156128;21.6573807603599;52.437507909583076
21.1;21.394864886999056;0.0;250.0;31.2;9.0;120.82082596893815;22.940176482196648;53.678649321929456
21.66;21.67195250539174;0.0;250.0;31.2;10.0;118.61593234420452;23.52183043039491;48.48582327043966
22.77;23.62368421111017;0.0;250.0;31.2;11.0;131.62416227830735;24.654469214164234;71.23781176501464
22.38;22.40768272652943;0.0;250.0;37.35294117647059;12.0;134.6095513666545;24.252970603844858;79.36164328867454
23.75;21.79244015531117;0.0;250.0;37.35294117647059;13.0;120.04908783715258;25.617092561619952;48.21741995724987
21.89;23.51823854867207;0.0;250.0;37.35294117647059;14.0;135.77037387728583;23.769086768194654;79.80073168419702
23.3;20.77963727533556;0.0;250.0;37.35294117647059;15.0;118.48855700795245;25.1098556221067;45.99495319817494
20.4;22.421691806490816;0.0;250.0;37.35294117647059;16.0;117.09033889551009;22.22548598625127;43.67904005347417
18.97;21.858342391521614;0.0;250.0;37.35294117647059;17.0;114.15435586414331;20.7934709199903;42.47709273308445
19.99;21.25930345918955;0.0;250.0;37.35294117647059;18.0;114.25524658837746;21.797479670166055;43.41144316615609
19.87;21.230068347663654;0.0;250.0;37.35294117647059;19.0;113.94232456388035;21.697026217689054;43.41887690193288
21.19;20.187041253661913;0.0;250.0;37.35294117647059;20.0;116.51425860713248;23.038312337743907;44.70129687467435
21.33;22.222794823334716;0.0;250.0;37.35294117647059;21.0;122.30720628846815;23.22184798937671;44.994134869542556
20.4;21.63344512320876;0.0;250.0;37.35294117647059;22.0;121.01084206730687;22.337550861665303;44.338167464940156
19.96;20.830600068718926;0.0;250.0;37.35294117647059;23.0;119.85931402930038;21.953313597854258;44.05411432600365
18.93;20.78720436045147;0.0;250.0;29.796232218377547;24.0;118.45388218186058;20.973514419178837;43.264446341096495
20.69;17.107356857831086;0.0;250.0;29.796232218377547;25.0;117.88219107987787;22.708113671873406;44.94575636415352
19.31;19.221467450273504;0.0;250.0;29.796232218377547;26.0;123.50151246927012;21.338555057394856;44.22230117058001
18.37;20.618947303250604;0.0;250.0;29.796232218377547;27.0;122.78667150481509;20.353668311488327;43.58087336743979
18.63;20.09051444023462;0.0;250.0;29.796232218377547;28.0;122.04881523749785;20.57276940125832;43.944967947180146
18.46;18.9662068816921;0.0;250.0;29.796232218377547;29.0;128.6141775147147;20.403769471063253;44.213991191913195
18.43;16.557676100688056;0.0;250.0;29.796232218377547;30.0;134.8952568832905;20.381806916355277;44.43434558218827
19.05;17.927529125006664;0.0;250.0;29.796232218377547;31.0;139.92841702007786;21.025071442145542;45.166408813925734
19.57;18.2706275451658;0.0;250.0;29.796232218377547;32.0;142.28904995355092;21.588448207347618;45.78757393272146
19.0;19.80190456178071;0.0;250.0;29.796232218377547;33.0;148.43889346044335;21.080815110925354;45.558935872896264
18.36;17.749792470600493;0.0;250.0;29.796232218377547;34.0;150.15190601465977;20.49486628850087;45.25378153142785
17.17;18.088013753339844;0.0;250.0;29.796232218377547;35.0;151.01963822932666;19.383182566538622;44.490892304506495
15.419407284249955;17.50357349108901;19.906509727885485;74.81712253227992;31.05536332179931;36.0;100.14214755644899;12.232468062570037;28.826967073175155
15.872734152729306;16.827495896800688;19.906509727885485;74.81712253227992;31.05536332179931;37.0;97.60617878354483;12.57895545430499;29.246980663930323
16.03423815919903;17.239461836886335;19.906509727885485;74.81712253227992;31.05536332179931;38.0;97.69619226375069;12.670988200489635;29.528430083643578
15.865566945351825;16.196598906238254;19.906509727885485;74.81712253227992;31.05536332179931;39.0;98.8898990142635;12.511246860558666;29.635192333051226
15.410244074093734;14.43565616999794;19.906509727885485;74.81712253227992;31.05536332179931;40.0;99.74476878388172;12.183063698351736;29.498015811018828
14.709116044877753;15.377956020071135;19.906509727885485;74.81712253227992;31.05536332179931;41.0;99.98885722676258;11.692121658913386;29.223499757493226
14.272625360734674;12.896418389359429;19.906509727885485;74.81712253227992;31.05536332179931;42.0;100.0236232873985;11.392104563904725;29.10068859309099
14.060489550577675;13.922804557967723;19.906509727885485;74.81712253227992;31.05536332179931;43.0;102.87313469591814;11.262183512355586;29.14377019341476
13.142698893853483;14.185577626275538;19.906509727885485;74.81712253227992;31.05536332179931;44.0;103.94405194647977;10.656481571382226;28.770642185629423
13.263302412388613;14.123077439834388;19.906509727885485;74.81712253227992;31.05536332179931;45.0;106.51449897389764;10.758137153370473;29.004285057186408
13.447395956883833;12.566931282917249;19.906509727885485;74.81712253227992;31.05536332179931;46.0;106.67759183382438;10.889367445619953;29.262608586457667
13.200399888577628;14.00272822167076;19.906509727885485;74.81712253227992;31.05536332179931;47.0;109.20171287065128;10.824594988781355;29.28100287537231
12.73603002482542;13.333434140361678;18.690291356306787;63.50049693388294;29.683153538231903;48.0;101.18522007314529;10.496043753408635;28.098346541854795
12.933955008643284;11.466605683395585;18.690291356306787;63.50049693388294;29.683153538231903;49.0;101.48760664505404;10.662174067015686;28.360608835342703
12.876838018125836;12.684865409750326;18.690291356306787;63.50049693388294;29.683153538231903;50.0;102.36313584164137;10.596399908393634;28.476845073207766
12.774153138519827;12.450036398215685;18.690291356306787;63.50049693388294;29.683153538231903;51.0;102.64129160942284;10.46825623630321;31.144380970569227
12.546351395220091;13.444862722015618;18.690291356306787;63.50049693388294;29.683153538231903;52.0;103.03114428818654;10.295232614025664;28.55679898617646
12.290534288846347;12.2510203592378;18.690291356306787;63.50049693388294;29.683153538231903;53.0;102.91560556193976;10.113870878783047;28.511624290167443
11.760450789774588;13.237059787299097;18.690291356306787;63.50049693388294;29.683153538231903;54.0;104.201119838876;9.754144088998515;28.31959276554847
11.682343809442434;12.646805743771479;18.690291356306787;63.50049693388294;29.683153538231903;55.0;104.23678392375301;9.726142740690273;28.393361326371828
11.336105034070973;11.826707657915279;18.690291356306787;63.50049693388294;29.683153538231903;56.0;104.85133698210721;9.52705391883352;28.309567309647626
11.093248483170369;12.166652554440384;18.690291356306787;63.50049693388294;29.683153538231903;57.0;105.88546394262389;9.385084470754318;28.322732683826583
11.345078368758433;11.492967034878516;18.690291356306787;63.50049693388294;29.683153538231903;58.0;107.6828563787497;9.567823758098582;31.32563577302764
11.346644375672037;11.386116948088546;18.690291356306787;63.50049693388294;29.683153538231903;59.0;109.3490626914523;9.621225489174199;31.815811068552343
11.653812953535995;11.209280270163106;20.014788343962866;66.74838765791226;28.269670036411338;60.0;103.42270603160196;9.7636261203502;27.83266783798402
11.376205361081752;12.355828635344107;20.014788343962866;66.74838765791226;28.269670036411338;61.0;103.55986015365059;9.603983498793735;27.824713087202163
11.960716876190883;12.836408328886304;20.014788343962866;66.74838765791226;28.269670036411338;62.0;104.84760086759495;9.972705416662892;31.29540552706379
12.200316986633707;11.577203492444125;20.014788343962866;66.74838765791226;28.269670036411338;63.0;106.24266971947291;10.075898484803565;34.186351169602446
11.853669749545913;12.176845175943908;20.014788343962866;66.74838765791226;28.269670036411338;64.0;106.23052967194438;9.82325489380105;33.091758427316925
12.266540525698984;12.362714540277619;20.014788343962866;66.74838765791226;28.269670036411338;65.0;108.26071323950634;10.109368052198944;35.484353949877324
12.383350854438257;11.853372390187117;20.014788343962866;66.74838765791226;28.269670036411338;66.0;109.82470506763946;10.204273909333734;37.215114553492896
12.473021810632098;11.587347150733804;20.014788343962866;66.74838765791226;28.269670036411338;67.0;110.5592849890716;10.296279149978549;36.67859079196789
12.17770654072037;12.471938476143624;20.014788343962866;66.74838765791226;28.269670036411338;68.0;111.06615144696839;10.131807230373829;36.74418424895539
12.031264895483837;12.669807735573178;20.014788343962866;66.74838765791226;28.269670036411338;69.0;111.68911436640371;10.055216018823277;37.18814389422567
12.148110490066328;13.008752319494908;20.014788343962866;66.74838765791226;28.269670036411338;70.0;112.23974647049548;10.144177367942287;36.671884706962004
12.261702722419203;12.061295216789862;20.014788343962866;66.74838765791226;28.269670036411338;71.0;113.43176793506015;10.265755688911195;37.84256709210364
12.628321605950235;13.441749267499103;18.618408651323005;60.085599258971534;27.35307045686346;72.0;112.58751006402234;10.53096143668848;38.7436482978707
13.01454884557915;12.361711738094133;18.618408651323005;60.085599258971534;27.35307045686346;73.0;113.32942412857801;10.831179193950769;39.480208317754595
12.828141572496289;12.743383298822158;18.618408651323005;60.085599258971534;27.35307045686346;74.0;113.29421986244371;10.666847167801734;39.50445386882969
13.094476768265723;13.108993924852081;18.618408651323005;60.085599258971534;27.35307045686346;75.0;114.72576720806796;10.779648245900626;42.16674575112256
13.142953588627217;12.977176503653794;18.618408651323005;60.085599258971534;27.35307045686346;76.0;114.9727774541117;10.79560493594285;41.18216428885858
13.18981509142106;12.846341224108253;18.618408651323005;60.085599258971534;27.35307045686346;77.0;116.79764397703299;10.830719929351114;43.27580395541549
13.335571519368072;13.071035888566977;18.618408651323005;60.085599258971534;27.35307045686346;78.0;118.56251212688358;10.948120446813173;45.02605352306564
13.53155745591801;13.1080576103199;18.618408651323005;60.085599258971534;27.35307045686346;79.0;119.3078154810878;11.11965551777601;43.97592399345445
13.739220373427475;14.059194492679959;18.618408651323005;60.085599258971534;27.35307045686346;80.0;121.19247619990631;11.308440325837722;46.36429119519292
13.648501116689193;13.888252273610778;18.618408651323005;60.085599258971534;27.35307045686346;81.0;122.73293269006419;11.274085245545919;48.86031814614119
13.60032923289606;12.815339902757572;18.618408651323005;60.085599258971534;27.35307045686346;82.0;123.34896873483795;11.251347084687506;48.87032539720533
14.126004339144487;12.395699448439375;18.618408651323005;60.085599258971534;27.35307045686346;83.0;125.63665215586181;11.65807707620032;52.29040774963924
14.385594842055669;13.637212900420781;19.289178652715556;65.6411652426551;27.260721433116093;84.0;125.90168411906791;11.889432115636735;53.09637865533802
14.80934611223121;14.606287515611;19.289178652715556;65.6411652426551;27.260721433116093;85.0;125.48119978882256;12.220883778785586;50.921020922423516
15.153422860563696;15.141206686263308;19.289178652715556;65.6411652426551;27.260721433116093;86.0;126.31516017272038;12.406640596495507;52.196656935226365
15.716972965576952;15.867903519682306;19.289178652715556;65.6411652426551;27.260721433116093;87.0;127.16691904997946;12.708920417646313;52.96506565268425
16.409869203293606;15.909729255188548;19.289178652715556;65.6411652426551;27.260721433116093;88.0;128.23715102610768;13.168892040266;53.05472473927005
17.23183887284082;14.673143004169763;19.289178652715556;65.6411652426551;27.260721433116093;89.0;130.73647938472593;13.737946470407696;55.43892861966187
17.69565307743576;16.7583964924011;19.289178652715556;65.6411652426551;27.260721433116093;90.0;131.77346531527476;14.079903148670903;54.710827618986016
17.77612312310504;16.84086831873106;19.289178652715556;65.6411652426551;27.260721433116093;91.0;133.7439302263164;14.180256775622583;56.641573492702015
18.420607296963297;17.827381478886984;19.289178652715556;65.6411652426551;27.260721433116093;92.0;134.58835137124916;14.680678779562287;56.02572200752738
18.43335907696497;19.1317266007899;19.289178652715556;65.6411652426551;27.260721433116093;93.0;136.49324345109665;14.72770431546038;58.48387082489718
18.62427986677606;18.356257928330887;19.289178652715556;65.6411652426551;27.260721433116093;94.0;137.20270210886625;14.878034925634203;58.30399086085923
18.99292643094222;18.185709610165926;19.289178652715556;65.6411652426551;27.260721433116093;95.0;139.6294846465107;15.174841690326415;61.609868404032035
19.211856941574208;18.499927530696826;20.305481965177496;71.71244369608912;27.509701644199676;96.0;40.174052760810774;5.67946709582581;29.355571897128872
19.738044283493792;19.44130430076559;20.305481965177496;71.71244369608912;27.509701644199676;97.0;39.94913801526742;5.870079211511777;29.390015944077625
20.71985372701869;17.02020469583449;20.305481965177496;71.71244369608912;27.509701644199676;98.0;40.605604995599236;6.124579753151368;32.09440115262958
21.27554503677396;18.78190535172319;20.305481965177496;71.71244369608912;27.509701644199676;99.0;41.32917927585658;6.28847873139362;34.29147498237504
22.006191791752844;21.46934831738726;20.305481965177496;71.71244369608912;27.509701644199676;100.0;41.233253775845206;6.504064243642347;34.01616600279619
21.727848515292315;21.90337214647901;20.305481965177496;71.71244369608912;27.509701644199676;101.0;39.55266525766284;6.4214249382580215;28.745024806201094
21.918873965652995;23.5556704380604;20.305481965177496;71.71244369608912;27.509701644199676;102.0;39.692456610214904;6.477499790007532;28.115330157468286
22.63391047293148;23.566525111482893;20.305481965177496;71.71244369608912;27.509701644199676;103.0;39.74222525930979;6.688411200840809;27.695398438503027
23.288296101600235;21.326240639907677;20.305481965177496;71.71244369608912;27.509701644199676;104.0;40.506877593537;6.881371529189106;29.828111914604154
23.545825210758807;21.433335736795094;20.305481965177496;71.71244369608912;27.509701644199676;105.0;39.17208835714568;6.95704543550186;26.4169927589361
24.530057910389406;20.580844879418834;20.305481965177496;71.71244369608912;27.509701644199676;106.0;40.104227766860575;7.247410091837594;29.101984228285897
23.984409863612022;24.479726148763362;20.305481965177496;71.71244369608912;27.509701644199676;107.0;39.65839905178722;7.0857584133827185;28.784026675847254
23.296636182874195;25.29861674413356;0.0;0.0;26.71424861825049;108.0;39.27480228092577;6.882136143585359;28.63546878624375
23.50469671145177;24.835763627948957;0.0;0.0;26.71424861825049;109.0;39.91824834042223;6.964165552406656;31.285208388376557
24.878360040465992;22.602472541419555;0.0;0.0;26.71424861825049;110.0;39.620258174849646;7.348460055156821;31.553989406935106
25.85673985362279;23.87186928275953;0.0;0.0;26.71424861825049;111.0;40.19365245704547;7.636953622775964;33.86683515647679
26.111203194316168;25.48431917986121;0.0;0.0;26.71424861825049;112.0;37.05213918444191;7.711604456655711;25.187250328688986
26.124234342655633;26.26541165126518;0.0;0.0;26.71424861825049;113.0;37.04588635607837;7.7149404163065665;24.63403453926388
25.33470038096009;26.460468005389437;0.0;0.0;26.71424861825049;114.0;36.85408886445426;7.481274440845111;23.44881301488244
25.715278648489022;26.35901131981395;0.0;0.0;26.71424861825049;115.0;36.66593225606329;7.593141898512861;22.362316387788713
25.16136867125565;24.010098381760095;0.0;0.0;26.71424861825049;116.0;37.290841884136725;7.429073621710259;23.95912501111067
25.175602466425513;25.597358256621085;0.0;0.0;26.71424861825049;117.0;36.91826034750541;7.432758793840799;23.307178901153
24.99285464363391;23.4341463422056;0.0;0.0;26.71424861825049;118.0;36.7144241693964;7.378285170907538;23.008917175766506
24.318440267488697;25.947976336801467;0.0;0.0;26.71424861825049;119.0;37.469228998663006;7.178675626755774;25.55171083159323
23.204501342671918;25.35492753395411;0.0;0.0;27.863950353559517;120.0;37.107244428052766;6.849352535343827;25.528466530678795
23.323629849369254;23.12012778352401;0.0;0.0;27.863950353559517;121.0;35.190319163037884;6.884013403835165;21.291007448153135
23.278630762895357;25.36373341639821;0.0;0.0;27.863950353559517;122.0;33.60711900866919;6.870224023845677;18.2131531579012
23.307929941834217;24.466863953730776;0.0;0.0;27.863950353559517;123.0;33.19413127929339;6.878356438270692;17.892632394532626
23.128993132171246;22.552392456059117;0.0;0.0;27.863950353559517;124.0;32.85659627173386;6.825033785718613;16.890576866715424
22.398662034358875;24.722828996456453;0.0;0.0;27.863950353559517;125.0;33.57991286181604;6.6090167384585055;18.275225425314183
21.316289928119897;24.582904367351144;0.0;0.0;27.863950353559517;126.0;33.27568808406229;6.289160435318351;16.73075216054978
19.360205456471654;21.6608238819617;0.0;0.0;27.863950353559517;127.0;32.943558327678595;5.7115880063627396;15.216947580159257
17.687373815472355;20.124517001807668;0.0;0.0;27.863950353559517;128.0;33.529057617795615;5.217658964627059;16.51894979486146
17.33331242723316;17.160313163447775;0.0;0.0;27.863950353559517;129.0;33.26909748069783;5.112800927217013;16.05717075493537
16.396163237776733;17.23061038286682;0.0;0.0;27.863950353559517;130.0;33.34673223371542;4.835975433444494;16.639605897393864
16.098221809206212;16.228770566443416;0.0;0.0;27.863950353559517;131.0;30.043225011881628;4.747706204589148;8.67721187908972
15.712007318395832;16.16213558748003;0.0;0.0;28.137946685717818;132.0;29.734935422815084;4.6334151267173125;8.860191731486497
15.922077894258479;16.637798117276283;0.0;0.0;28.137946685717818;133.0;29.3353739278847;4.694965639109485;8.775332718817157
15.211795903778487;17.65751827277722;0.0;0.0;28.137946685717818;134.0;28.717919493039734;4.48513803153752;8.373422858130574
14.533878223840638;14.700575637971031;0.0;0.0;28.137946685717818;135.0;28.154050253130478;4.2848832668022965;7.720621452062455
14.379463454939152;14.277855203628741;0.0;0.0;28.137946685717818;136.0;28.80879854360372;4.238984312139033;9.371153419670302
13.555349336335013;14.2385813321117;0.0;0.0;28.137946685717818;137.0;28.62451417865091;3.995682554232206;8.33700628001989
12.902591009875428;13.639261094515627;0.0;0.0;28.137946685717818;138.0;26.265861734351198;3.8029253830469947;6.669187955188412
12.0864529290727;12.905055762901256;0.0;0.0;28.137946685717818;139.0;24.702756060974153;3.5620483670195298;2.791980439523864
10.701651871066423;12.93563707264872;0.0;0.0;28.137946685717818;140.0;25.351273450768055;3.1536340305029045;2.4674369244218317
10.505794144197967;11.617898769612042;0.0;0.0;28.137946685717818;141.0;25.04478431841569;3.095624889861634;2.4176369314386967
10.097347005899321;11.5626224865984;0.0;0.0;28.137946685717818;142.0;25.75375541307077;2.974987350901743;2.3191094432371067
9.830911845332789;10.608044052386632;0.0;0.0;28.137946685717818;143.0;25.515799173776696;2.896206079536585;2.2534292457486664
9.350463778643793;9.671961153341803;0.0;0.0;27.98835376044647;144.0;25.183591695752007;2.754393813163327;2.138963608989997
8.961246005418584;9.670287023130951;0.0;0.0;27.98835376044647;145.0;22.441855173927713;2.639477096740155;2.045701513380731
8.784578954507985;8.631596691057684;0.0;0.0;27.98835376044647;146.0;20.894487978587712;2.587178806573915;2.0011584364350474
8.667439876020289;9.445497610066298;0.0;0.0;27.98835376044647;147.0;19.674138969399575;2.5524173922802085;1.9702464954799739
8.394522351164149;9.477517691503147;0.0;0.0;27.98835376044647;148.0;19.410901781078174;2.471789957845878;1.9040438952513201
7.822586388890155;8.230137613667077;0.0;0.0;27.98835376044647;149.0;19.25097727249321;2.3031381900744927;1.7703701800221823
7.427037918505658;8.094981652305197;0.0;0.0;27.98835376044647;150.0;18.913955754118366;2.186445464122193;1.6770386542396993
6.937257153358998;7.3551716941635386;0.0;0.0;27.98835376044647;151.0;17.6762430048202;2.042036451460964;1.5628213341865662
6.361117828950269;7.154175328007443;0.0;0.0;27.98835376044647;152.0;17.02791393283415;1.8722382750806301;1.4296472164982252
6.302004917876063;6.850752829867364;0.0;0.0;27.98835376044647;153.0;15.462044384064985;1.854631694727894;1.412951539272564
5.867730458388612;6.342882037784276;0.0;0.0;27.98835376044647;154.0;16.132442116511648;1.726631331037668;1.3123519148066807
5.593635463657138;6.303525393213709;0.0;0.0;27.98835376044647;155.0;15.410295152467476;1.6457860921145484;1.2479115542093138
5.29050593949861;5.673768765593371;0.0;0.0;27.98835376044647;156.0;13.584681371040272;1.5564150718742105;1.1772630511165805
4.974233069869239;5.593277729342605;0.0;0.0;27.98835376044647;157.0;12.08032816447445;1.4631961663895745;1.1039910197369904
4.707528287822671;4.946309521389239;0.0;0.0;27.98835376044647;158.0;11.087834514672183;1.384575861308572;1.0420081906949425
4.365078909756305;4.789441111775178;0.0;0.0;27.98835376044647;159.0;10.846680898442713;1.283696867236409;0.9635715436237821
4.184256510852717;4.4730972365478525;0.0;0.0;27.98835376044647;160.0;10.632557102464505;1.2303662213266873;0.9210811617089733
4.042643998447289;4.363004983432137;0.0;0.0;27.98835376044647;161.0;10.534325775521253;1.1885746003257307;0.887372622740284
3.6867147885835463;4.091925687480761;0.0;0.0;27.98835376044647;162.0;10.795026119345165;1.083788270003228;0.8068880568037751
3.5831960547370616;4.154333592821073;0.0;0.0;27.98835376044647;163.0;7.7627354787242435;1.053218608150422;0.7818958027816888
3.3634455669340504;3.9864136378790427;0.0;0.0;27.98835376044647;164.0;6.74097425740902;0.988494982565557;0.7317077157346608
3.2540447526633685;3.567683728623405;0.0;0.0;27.98835376044647;165.0;6.144346265963286;0.9562132198973308;0.705701423390405
3.0989615974174574;3.4605444306373854;0.0;0.0;27.98835376044647;166.0;5.435360660085599;0.9105160220481878;0.6699249351876196
2.9462979137680785;3.3998187277171743;0.0;0.0;27.98835376044647;167.0;5.5758841000735995;0.8655401657625615;0.6348427758630204
2.839469382408503;3.0825296271791505;0.0;0.0;27.98835376044647;168.0;4.952726391844287;0.8340381134518902;0.6097786235303639
2.609736995187755;2.8830245441823474;0.0;0.0;27.98835376044647;169.0;4.32821996470897;0.7664477097225166;0.5585240584867922
2.517673424888081;2.6315094498399163;0.0;0.0;27.98835376044647;170.0;4.43828338974099;0.7393008085400063;0.5369304312069777
2.331682310937116;2.4715470014283234;0.0;0.0;27.98835376044647;171.0;3.777086773961092;0.6845829001192574;0.49547693688853395
2.219893884201555;2.489822432010563;0.0;0.0;27.98835376044647;172.0;0.0;0.6516623416373987;0.469983094612775
2.1185916095271486;2.399275417685119;0.0;0.0;27.98835376044647;173.0;0.0;0.6218279317197787;0.44684017475154464
1.9687248649175242;2.2242797835293997;0.0;0.0;27.98835376044647;174.0;0.0;0.5777492209647069;0.41362074877926414
1.7060668500763911;1.9531039929861351;0.0;0.0;27.98835376044647;175.0;0.0;0.500588091242577;0.3570107966869764
1.6019190143959439;1.8199989704604325;0.0;0.0;27.98835376044647;176.0;0.0;0.4699524113579222;0.3338472368311732
1.472142691029779;1.5905741369300044;0.0;0.0;27.98835376044647;177.0;0.0;0.4318080995103795;0.3055139804859322
1.2661249229625788;1.4018802679142661;0.0;0.0;27.98835376044647;178.0;0.0;0.3713159836593547;0.2616265017376337
1.1878373413132308;1.2857701996693687;0.0;0.0;27.98835376044647;179.0;0.0;0.3482963236327449;0.24436223672565685
1.1532289700166491;1.2506981080378836;0.0;0.0;27.98835376044647;180.0;0.0;0.3380888684227384;0.23616217103474035
1.0968240199613561;1.1090636450000253;0.0;0.0;27.98835376044647;181.0;0.0;0.32149500781558527;0.22355932863084468
0.9644063715780195;1.0492971144330727;0.0;0.0;27.98835376044647;182.0;0.0;0.2826297038321792;0.19562207890408298
0.9187884738805828;1.0678444992256153;0.0;0.0;27.98835376044647;183.0;0.0;0.2692106134319255;0.18544432999354027
0.8373731950920048;1.076936060516755;0.0;0.0;27.98835376044647;184.0;-3.0577135805140825E-17;0.2453087336767492;0.16814841237820127
0.7722069066277353;0.8905963319832519;0.0;0.0;27.98835376044647;185.0;0.0;0.2261743321889989;0.15424660052900976
0.7010167062384648;0.847126358367262;0.0;0.0;27.98835376044647;186.0;0.0;0.2052825319140612;0.13926687987859263
0.6448417009252247;0.8048206344104141;0.0;0.0;27.98835376044647;187.0;0.0;0.18879435183326146;0.12739023877934602
0.5807046291212262;0.762464268420724;0.0;0.0;27.98835376044647;188.0;0.0;0.16998149106415347;0.11405762185421943
0.5329531320404788;0.6026115113959545;0.0;0.0;27.98835376044647;189.0;0.0;0.15597104536798403;0.1040549272236461
0.49007067294388923;0.5281270410997506;0.0;0.0;27.98835376044647;190.0;1.548107626866207E-17;0.14339050419804145;0.09509364760144186
0.44569493268950655;0.49418138057559485;0.0;0.0;27.98835376044647;191.0;0.0;0.13037794269224756;0.08593297764175305
0.41168834245446273;0.4517150871501684;0.0;0.0;27.98835376044647;192.0;0.0;0.12040311407951998;0.07885435233938796
0.3753523269983528;0.41421992036799643;0.0;0.0;27.98835376044647;193.0;0.0;0.10975110288968686;0.0714055112915482
0.34335448074508523;0.40901554763688364;0.0;0.0;27.98835376044647;194.0;0.0;0.10037162834500464;0.06485838168153074
0.3207754853380956;0.3309692582647457;0.0;0.0;27.98835376044647;195.0;0.0;0.09374878753157861;0.0601512756570275
0.30269625611159107;0.2958751213865801;0.0;0.0;27.98835376044647;196.0;0.0;0.08844340832712999;0.056331893834828915
0.28667126615631666;0.30466379960299367;0.0;0.0;27.98835376044647;197.0;0.0;0.08374022705554235;0.052931208296860724
0.2555050447182049;0.2861537884831494;0.0;0.0;27.98835376044647;198.0;0.0;0.07461712851081898;0.04679258218941508
0.2364705190586689;0.24315680721709304;0.0;0.0;27.98835376044647;199.0;-7.887196669430516E-18;0.06904028739416494;0.0429404151766163
0.22180372808788176;0.240588574611494;0.0;0.0;27.98835376044647;200.0;0.0;0.064740838720935;0.039923004826064416
0.18742286640283792;0.22522022484183407;0.0;0.0;27.98835376044647;201.0;0.0;0.05469066664831663;0.0334261588394944
0.17674446931027504;0.19561035745012462;0.0;0.0;27.98835376044647;202.0;0.0;0.05156022527559071;0.031221500400459744
0.1605915081774001;0.1773250054048312;0.0;0.0;27.98835376044647;203.0;0.0;0.04683461450077396;0.028086547893883086
0.14415257859688582;0.16567227517120353;0.0;0.0;27.98835376044647;204.0;0.0;0.04202804114353813;0.02495043858434941
0.14218070425902377;0.15720712608193196;0.0;0.0;27.98835376044647;205.0;0.0;0.0;0.0
0.12441211071821462;0.13808287941525405;0.0;0.0;27.98835376044647;206.0;0.0;0.0;0.0
0.11540324629541208;0.1196462682828516;0.0;0.0;27.98835376044647;207.0;0.0;0.0;0.0
0.10956839170196632;0.1270450275167933;0.0;0.0;27.98835376044647;208.0;0.0;0.0;0.0
0.09603873589628328;0.11195820689773775;0.0;0.0;27.98835376044647;209.0;0.0;0.0;0.0
0.08875701825846927;0.10495284494114783;0.0;0.0;27.98835376044647;210.0;0.0;0.0;0.0
0.08134624241782698;0.08735379999021216;0.0;0.0;27.98835376044647;211.0;0.0;0.0;0.0
0.07286582088631285;0.08478386625660542;0.0;0.0;27.98835376044647;212.0;0.0;0.0;0.0
0.06848945095675851;0.07554448833855375;0.0;0.0;27.98835376044647;213.0;0.0;0.0;0.0
0.05747903163057439;0.06772606412444614;0.0;0.0;27.98835376044647;214.0;0.0;0.0;0.0
0.0552647644722474;0.059774845216594846;0.0;0.0;27.98835376044647;215.0;0.0;0.0;0.0
0.052664044072597664;0.059878663495493416;0.0;0.0;27.98835376044647;216.0;0.0;0.0;0.0
0.047379904819379814;0.051232058127272974;0.0;0.0;27.98835376044647;217.0;0.0;0.0;0.0
0.041187467943601216;0.048343871133392995;0.0;0.0;27.98835376044647;218.0;0.0;0.0;0.0
0.037621841175963865;0.04199837004749629;0.0;0.0;27.98835376044647;219.0;0.0;0.0;0.0
0.03560174269237719;0.03482118289394025;0.0;0.0;27.98835376044647;220.0;0.0;0.0;0.0
0.031122067911093974;0.03170978018560973;0.0;0.0;27.98835376044647;221.0;0.0;0.0;0.0
0.027599482489655453;0.03401034403794107;0.0;0.0;27.98835376044647;222.0;0.0;0.0;0.0
0.024656383049680184;0.030075075288029406;0.0;0.0;27.98835376044647;223.0;0.0;0.0;0.0
0.022669420176627222;0.02845569889328754;0.0;0.0;27.98835376044647;224.0;0.0;0.0;0.0
0.021908842937641847;0.026007093901407215;0.0;0.0;27.98835376044647;225.0;NaN;0.0;0.0
0.021212715207796683;0.02452813863802159;0.0;0.0;27.98835376044647;226.0;NaN;0.0;0.0
0.019365974271533224;0.021171817980023787;0.0;0.0;27.98835376044647;227.0;NaN;0.0;0.0
0.017832697852834357;0.019810621077849224;0.0;0.0;27.98835376044647;228.0;NaN;0.0;0.0
0.01451163822819984;0.01812667348037061;0.0;0.0;27.98835376044647;229.0;NaN;0.0;0.0
0.013938241190893312;0.015648063189599083;0.0;0.0;27.98835376044647;230.0;NaN;0.0;0.0
0.012155802309722581;0.01494670286114511;0.0;0.0;27.98835376044647;231.0;NaN;0.0;0.0
0.011326525804602536;0.013622764937762306;0.0;0.0;27.98835376044647;232.0;NaN;0.0;0.0
0.010330376942804729;0.013041487052370937;0.0;0.0;27.98835376044647;233.0;NaN;0.0;0.0
0.010065949237389876;0.010001160949930544;0.0;0.0;27.98835376044647;234.0;NaN;0.0;0.0
0.009337495879720131;0.010811423818464668;0.0;0.0;27.98835376044647;235.0;NaN;0.0;0.0
0.00867151401208708;0.010077935366857265;0.0;0.0;27.98835376044647;236.0;NaN;0.0;0.0
0.007897157158409733;0.009463563362175603;0.0;0.0;27.98835376044647;237.0;NaN;0.0;0.0
0.007252658716354196;0.008267398661117382;0.0;0.0;27.98835376044647;238.0;NaN;0.0;0.0
0.00662996564256092;0.007383412892857694;0.0;0.0;27.98835376044647;239.0;NaN;0.0;0.0
0.0059740280421617855;0.006479345765856136;0.0;0.0;27.98835376044647;240.0;NaN;0.0;0.0
0.005637394561987949;0.00620437507351591;0.0;0.0;27.98835376044647;241.0;NaN;0.0;0.0
0.005328085506494481;0.005677937672061012;0.0;0.0;27.98835376044647;242.0;NaN;0.0;0.0
0.004774772494436315;0.005594169222395677;0.0;0.0;27.98835376044647;243.0;NaN;0.0;0.0
0.004353907280450271;0.004695736257326144;0.0;0.0;27.98835376044647;244.0;NaN;0.0;0.0
0.0040719481903382015;0.004535185990477822;0.0;0.0;27.98835376044647;245.0;NaN;0.0;0.0
0.003928550293018137;0.004252826602994986;0.0;0.0;27.98835376044647;246.0;NaN;0.0;0.0
0.003777817172384586;0.004105226788397658;0.0;0.0;27.98835376044647;247.0;NaN;0.0;0.0
0.0035138076613414346;0.004168649435855656;0.0;0.0;27.98835376044647;248.0;NaN;0.0;0.0
0.0031076304635837184;0.0038764580844811223;0.0;0.0;27.98835376044647;249.0;NaN;0.0;0.0
0.0026693921813124174;0.003510553093789057;0.0;0.0;27.98835376044647;250.0;NaN;0.0;0.0
0.002621572280067951;0.0028076163741076977;0.0;0.0;27.98835376044647;251.0;NaN;0.0;0.0
0.0022728763240924444;0.002539585174927964;0.0;0.0;27.98835376044647;252.0;NaN;0.0;0.0
0.002246716589798067;0.002320172784737406;0.0;0.0;27.98835376044647;253.0;NaN;0.0;0.0
0.0021843107499535303;0.0023712111015957178;0.0;0.0;27.98835376044647;254.0;NaN;0.0;0.0
0.001929995012373114;0.0022245241769530194;0.0;0.0;27.98835376044647;255.0;NaN;0.0;0.0
0.001792883482246719;0.0020259398617383825;0.0;0.0;27.98835376044647;256.0;NaN;0.0;0.0
0.001650504791111911;0.001744898048935597;0.0;0.0;27.98835376044647;257.0;NaN;0.0;0.0
0.0014594005925643659;0.0017324375572616262;0.0;0.0;27.98835376044647;258.0;NaN;0.0;0.0
0.0013335752896389897;0.0014986611330465053;0.0;0.0;27.98835376044647;259.0;NaN;0.0;0.0
0.001138075740196866;0.0012984042407761884;0.0;0.0;27.98835376044647;260.0;NaN;0.0;0.0
0.0010532015523204777;0.0011549336440208628;0.0;0.0;27.98835376044647;261.0;NaN;0.0;0.0
0.0010293332407993903;9.514061667663759E-4;0.0;0.0;27.98835376044647;262.0;NaN;0.0;0.0
9.481959052754404E-4;9.901931627542334E-4;0.0;0.0;27.98835376044647;263.0;NaN;0.0;0.0
9.252342840117993E-4;9.624351217269555E-4;0.0;0.0;27.98835376044647;264.0;NaN;0.0;0.0
7.801972434384545E-4;9.797383506777062E-4;0.0;0.0;27.98835376044647;265.0;NaN;0.0;NaN
7.498488672596672E-4;7.485108922057427E-4;0.0;0.0;27.98835376044647;266.0;NaN;0.0;NaN
7.090384313120625E-4;7.320224366780919E-4;0.0;0.0;27.98835376044647;267.0;NaN;0.0;NaN
6.620584861679883E-4;7.259991100420957E-4;0.0;0.0;27.98835376044647;268.0;NaN;0.0;NaN
6.32262586429349E-4;7.015138095834955E-4;0.0;0.0;27.98835376044647;269.0;NaN;0.0;NaN
5.822835509067015E-4;6.221644906417937E-4;0.0;0.0;27.98835376044647;270.0;NaN;0.0;NaN
5.874455113221951E-4;5.670410360269085E-4;0.0;0.0;27.98835376044647;271.0;NaN;0.0;NaN
5.905667250883937E-4;5.383902891742703E-4;0.0;0.0;27.98835376044647;272.0;NaN;0.0;NaN
4.949033661159916E-4;5.873983240737784E-4;0.0;0.0;27.98835376044647;273.0;NaN;0.0;NaN
4.679842510873085E-4;5.083003192817006E-4;0.0;0.0;27.98835376044647;274.0;NaN;0.0;NaN
4.0737748645842356E-4;5.00164876352906E-4;0.0;0.0;27.98835376044647;275.0;NaN;0.0;NaN
3.337741268565091E-4;4.345801315039515E-4;0.0;0.0;27.98835376044647;276.0;NaN;0.0;NaN
3.4066936493074864E-4;3.6364222994416474E-4;0.0;0.0;27.98835376044647;277.0;NaN;0.0;NaN
